[OBJECT UNION
    [POLYGON [PLANE -0.11196035144164 -0.11196035144164 0.9873853145607 0.9873853145607] 	3
	[[NORMAL 0 0 1] 0 0 -1]
	[[NORMAL -0.25 -0.18163563200134 0.95105651629515] 0.25 0.18163563200134 -0.95105651629515]
	[[NORMAL -0.18163563200134 -0.25 0.95105651629515] 0.18163563200134 0.25 -0.95105651629515]
    ]
    [POLYGON [PLANE -0.071882970513611 -0.14107827309693 0.9873853145607 0.9873853145607] 	3
	[[NORMAL 0 0 1] 0 0 -1]
	[[NORMAL -0.18163563200134 -0.25 0.95105651629515] 0.18163563200134 0.25 -0.95105651629515]
	[[NORMAL -0.095491502812526 -0.29389262614624 0.95105651629515] 0.095491502812526 0.29389262614624 -0.95105651629515]
    ]
    [POLYGON [PLANE -0.32300194814216 -0.63392701672243 0.70271351130156 0.98155181134957] 	4
	[[NORMAL -0.18163563200134 -0.55901699437495 0.80901699437495] 0.18163563200134 0.55901699437495 -0.80901699437495]
	[[NORMAL -0.34549150281253 -0.47552825814758 0.80901699437495] 0.34549150281253 0.47552825814758 -0.80901699437495]
	[[NORMAL -0.47552825814758 -0.65450849718747 0.58778525229247] 0.47552825814758 0.65450849718747 -0.58778525229247]
	[[NORMAL -0.25 -0.76942088429381 0.58778525229247] 0.25 0.76942088429381 -0.58778525229247]
    ]
    [POLYGON [PLANE -0.024769183593601 -0.15638647043136 0.9873853145607 0.9873853145607] 	3
	[[NORMAL 0 0 1] 0 0 -1]
	[[NORMAL -0.095491502812526 -0.29389262614624 0.95105651629515] 0.095491502812526 0.29389262614624 -0.95105651629515]
	[[NORMAL -1.8921833652171e-17 -0.30901699437495 0.95105651629515] 1.8921833652171e-17 0.30901699437495 -0.95105651629515]
    ]
    [POLYGON [PLANE -0.11129888619599 -0.70271351130156 0.70271351130156 0.98155181134957] 	4
	[[NORMAL -3.59914663903e-17 -0.58778525229247 0.80901699437495] 3.59914663903e-17 0.58778525229247 -0.80901699437495]
	[[NORMAL -0.18163563200134 -0.55901699437495 0.80901699437495] 0.18163563200134 0.55901699437495 -0.80901699437495]
	[[NORMAL -0.25 -0.76942088429381 0.58778525229247] 0.25 0.76942088429381 -0.58778525229247]
	[[NORMAL -4.9538003630855e-17 -0.80901699437495 0.58778525229247] 4.9538003630855e-17 0.80901699437495 -0.58778525229247]
    ]
    [POLYGON [PLANE 0.024769183593601 -0.15638647043136 0.9873853145607 0.9873853145607] 	3
	[[NORMAL 0 0 1] 0 0 -1]
	[[NORMAL -1.8921833652171e-17 -0.30901699437495 0.95105651629515] 1.8921833652171e-17 0.30901699437495 -0.95105651629515]
	[[NORMAL 0.095491502812526 -0.29389262614624 0.95105651629515] -0.095491502812526 0.29389262614624 -0.95105651629515]
    ]
    [POLYGON [PLANE 0.11129888619599 -0.70271351130156 0.70271351130156 0.98155181134957] 	4
	[[NORMAL 0.18163563200134 -0.55901699437495 0.80901699437495] -0.18163563200134 0.55901699437495 -0.80901699437495]
	[[NORMAL -3.59914663903e-17 -0.58778525229247 0.80901699437495] 3.59914663903e-17 0.58778525229247 -0.80901699437495]
	[[NORMAL -4.9538003630855e-17 -0.80901699437495 0.58778525229247] 4.9538003630855e-17 0.80901699437495 -0.58778525229247]
	[[NORMAL 0.25 -0.76942088429381 0.58778525229247] -0.25 0.76942088429381 -0.58778525229247]
    ]
    [POLYGON [PLANE 0.071882970513611 -0.14107827309693 0.9873853145607 0.9873853145607] 	3
	[[NORMAL 0 0 1] 0 0 -1]
	[[NORMAL 0.095491502812526 -0.29389262614624 0.95105651629515] -0.095491502812526 0.29389262614624 -0.95105651629515]
	[[NORMAL 0.18163563200134 -0.25 0.95105651629515] -0.18163563200134 0.25 -0.95105651629515]
    ]
    [POLYGON [PLANE 0.32300194814216 -0.63392701672243 0.70271351130156 0.98155181134957] 	4
	[[NORMAL 0.34549150281253 -0.47552825814758 0.80901699437495] -0.34549150281253 0.47552825814758 -0.80901699437495]
	[[NORMAL 0.18163563200134 -0.55901699437495 0.80901699437495] -0.18163563200134 0.55901699437495 -0.80901699437495]
	[[NORMAL 0.25 -0.76942088429381 0.58778525229247] -0.25 0.76942088429381 -0.58778525229247]
	[[NORMAL 0.47552825814758 -0.65450849718747 0.58778525229247] -0.47552825814758 0.65450849718747 -0.58778525229247]
    ]
    [POLYGON [PLANE 0.11196035144164 -0.11196035144164 0.9873853145607 0.9873853145607] 	3
	[[NORMAL 0 0 1] 0 0 -1]
	[[NORMAL 0.18163563200134 -0.25 0.95105651629515] -0.18163563200134 0.25 -0.95105651629515]
	[[NORMAL 0.25 -0.18163563200134 0.95105651629515] -0.25 0.18163563200134 -0.95105651629515]
    ]
    [POLYGON [PLANE 0.50308732891727 -0.50308732891727 0.70271351130156 0.98155181134957] 	4
	[[NORMAL 0.47552825814758 -0.34549150281253 0.80901699437495] -0.47552825814758 0.34549150281253 -0.80901699437495]
	[[NORMAL 0.34549150281253 -0.47552825814758 0.80901699437495] -0.34549150281253 0.47552825814758 -0.80901699437495]
	[[NORMAL 0.47552825814758 -0.65450849718747 0.58778525229247] -0.47552825814758 0.65450849718747 -0.58778525229247]
	[[NORMAL 0.65450849718747 -0.47552825814758 0.58778525229247] -0.65450849718747 0.47552825814758 -0.58778525229247]
    ]
    [POLYGON [PLANE 0.14107827309693 -0.071882970513611 0.9873853145607 0.9873853145607] 	3
	[[NORMAL 0 0 1] 0 0 -1]
	[[NORMAL 0.25 -0.18163563200134 0.95105651629515] -0.25 0.18163563200134 -0.95105651629515]
	[[NORMAL 0.29389262614624 -0.095491502812526 0.95105651629515] -0.29389262614624 0.095491502812526 -0.95105651629515]
    ]
    [POLYGON [PLANE 0.63392701672243 -0.32300194814216 0.70271351130156 0.98155181134957] 	4
	[[NORMAL 0.55901699437495 -0.18163563200134 0.80901699437495] -0.55901699437495 0.18163563200134 -0.80901699437495]
	[[NORMAL 0.47552825814758 -0.34549150281253 0.80901699437495] -0.47552825814758 0.34549150281253 -0.80901699437495]
	[[NORMAL 0.65450849718747 -0.47552825814758 0.58778525229247] -0.65450849718747 0.47552825814758 -0.58778525229247]
	[[NORMAL 0.76942088429381 -0.25 0.58778525229247] -0.76942088429381 0.25 -0.58778525229247]
    ]
    [POLYGON [PLANE 0.15638647043136 -0.024769183593601 0.9873853145607 0.9873853145607] 	3
	[[NORMAL 0 0 1] 0 0 -1]
	[[NORMAL 0.29389262614624 -0.095491502812526 0.95105651629515] -0.29389262614624 0.095491502812526 -0.95105651629515]
	[[NORMAL 0.30901699437495 -3.7843667304342e-17 0.95105651629515] -0.30901699437495 3.7843667304342e-17 -0.95105651629515]
    ]
    [POLYGON [PLANE 0.70271351130156 -0.11129888619599 0.70271351130156 0.98155181134957] 	4
	[[NORMAL 0.58778525229247 -7.19829327806e-17 0.80901699437495] -0.58778525229247 7.19829327806e-17 -0.80901699437495]
	[[NORMAL 0.55901699437495 -0.18163563200134 0.80901699437495] -0.55901699437495 0.18163563200134 -0.80901699437495]
	[[NORMAL 0.76942088429381 -0.25 0.58778525229247] -0.76942088429381 0.25 -0.58778525229247]
	[[NORMAL 0.80901699437495 -9.9076007261709e-17 0.58778525229247] -0.80901699437495 9.9076007261709e-17 -0.58778525229247]
    ]
    [POLYGON [PLANE 0.15638647043136 0.024769183593601 0.9873853145607 0.9873853145607] 	3
	[[NORMAL 0 0 1] 0 0 -1]
	[[NORMAL 0.30901699437495 -3.7843667304342e-17 0.95105651629515] -0.30901699437495 3.7843667304342e-17 -0.95105651629515]
	[[NORMAL 0.29389262614624 0.095491502812526 0.95105651629515] -0.29389262614624 -0.095491502812526 -0.95105651629515]
    ]
    [POLYGON [PLANE 0.70271351130156 0.11129888619599 0.70271351130156 0.98155181134957] 	4
	[[NORMAL 0.55901699437495 0.18163563200134 0.80901699437495] -0.55901699437495 -0.18163563200134 -0.80901699437495]
	[[NORMAL 0.58778525229247 -7.19829327806e-17 0.80901699437495] -0.58778525229247 7.19829327806e-17 -0.80901699437495]
	[[NORMAL 0.80901699437495 -9.9076007261709e-17 0.58778525229247] -0.80901699437495 9.9076007261709e-17 -0.58778525229247]
	[[NORMAL 0.76942088429381 0.25 0.58778525229247] -0.76942088429381 -0.25 -0.58778525229247]
    ]
    [POLYGON [PLANE 0.14107827309693 0.071882970513611 0.9873853145607 0.9873853145607] 	3
	[[NORMAL 0 0 1] 0 0 -1]
	[[NORMAL 0.29389262614624 0.095491502812526 0.95105651629515] -0.29389262614624 -0.095491502812526 -0.95105651629515]
	[[NORMAL 0.25 0.18163563200134 0.95105651629515] -0.25 -0.18163563200134 -0.95105651629515]
    ]
    [POLYGON [PLANE 0.63392701672243 0.32300194814216 0.70271351130156 0.98155181134957] 	4
	[[NORMAL 0.47552825814758 0.34549150281253 0.80901699437495] -0.47552825814758 -0.34549150281253 -0.80901699437495]
	[[NORMAL 0.55901699437495 0.18163563200134 0.80901699437495] -0.55901699437495 -0.18163563200134 -0.80901699437495]
	[[NORMAL 0.76942088429381 0.25 0.58778525229247] -0.76942088429381 -0.25 -0.58778525229247]
	[[NORMAL 0.65450849718747 0.47552825814758 0.58778525229247] -0.65450849718747 -0.47552825814758 -0.58778525229247]
    ]
    [POLYGON [PLANE 0.11196035144164 0.11196035144164 0.9873853145607 0.9873853145607] 	3
	[[NORMAL 0 0 1] 0 0 -1]
	[[NORMAL 0.25 0.18163563200134 0.95105651629515] -0.25 -0.18163563200134 -0.95105651629515]
	[[NORMAL 0.18163563200134 0.25 0.95105651629515] -0.18163563200134 -0.25 -0.95105651629515]
    ]
    [POLYGON [PLANE 0.50308732891727 0.50308732891727 0.70271351130156 0.98155181134957] 	4
	[[NORMAL 0.34549150281253 0.47552825814758 0.80901699437495] -0.34549150281253 -0.47552825814758 -0.80901699437495]
	[[NORMAL 0.47552825814758 0.34549150281253 0.80901699437495] -0.47552825814758 -0.34549150281253 -0.80901699437495]
	[[NORMAL 0.65450849718747 0.47552825814758 0.58778525229247] -0.65450849718747 -0.47552825814758 -0.58778525229247]
	[[NORMAL 0.47552825814758 0.65450849718747 0.58778525229247] -0.47552825814758 -0.65450849718747 -0.58778525229247]
    ]
    [POLYGON [PLANE 0.071882970513611 0.14107827309693 0.9873853145607 0.9873853145607] 	3
	[[NORMAL 0 0 1] 0 0 -1]
	[[NORMAL 0.18163563200134 0.25 0.95105651629515] -0.18163563200134 -0.25 -0.95105651629515]
	[[NORMAL 0.095491502812526 0.29389262614624 0.95105651629515] -0.095491502812526 -0.29389262614624 -0.95105651629515]
    ]
    [POLYGON [PLANE 0.32300194814216 0.63392701672243 0.70271351130156 0.98155181134957] 	4
	[[NORMAL 0.18163563200134 0.55901699437495 0.80901699437495] -0.18163563200134 -0.55901699437495 -0.80901699437495]
	[[NORMAL 0.34549150281253 0.47552825814758 0.80901699437495] -0.34549150281253 -0.47552825814758 -0.80901699437495]
	[[NORMAL 0.47552825814758 0.65450849718747 0.58778525229247] -0.47552825814758 -0.65450849718747 -0.58778525229247]
	[[NORMAL 0.25 0.76942088429381 0.58778525229247] -0.25 -0.76942088429381 -0.58778525229247]
    ]
    [POLYGON [PLANE 0.024769183593601 0.15638647043136 0.9873853145607 0.9873853145607] 	3
	[[NORMAL 0 0 1] 0 0 -1]
	[[NORMAL 0.095491502812526 0.29389262614624 0.95105651629515] -0.095491502812526 -0.29389262614624 -0.95105651629515]
	[[NORMAL 5.6765500956512e-17 0.30901699437495 0.95105651629515] -5.6765500956512e-17 -0.30901699437495 -0.95105651629515]
    ]
    [POLYGON [PLANE 0.11129888619599 0.70271351130156 0.70271351130156 0.98155181134957] 	4
	[[NORMAL 1.079743991709e-16 0.58778525229247 0.80901699437495] -1.079743991709e-16 -0.58778525229247 -0.80901699437495]
	[[NORMAL 0.18163563200134 0.55901699437495 0.80901699437495] -0.18163563200134 -0.55901699437495 -0.80901699437495]
	[[NORMAL 0.25 0.76942088429381 0.58778525229247] -0.25 -0.76942088429381 -0.58778525229247]
	[[NORMAL 1.4861401089256e-16 0.80901699437495 0.58778525229247] -1.4861401089256e-16 -0.80901699437495 -0.58778525229247]
    ]
    [POLYGON [PLANE -0.024769183593601 0.15638647043136 0.9873853145607 0.9873853145607] 	3
	[[NORMAL 0 0 1] 0 0 -1]
	[[NORMAL 5.6765500956512e-17 0.30901699437495 0.95105651629515] -5.6765500956512e-17 -0.30901699437495 -0.95105651629515]
	[[NORMAL -0.095491502812526 0.29389262614624 0.95105651629515] 0.095491502812526 -0.29389262614624 -0.95105651629515]
    ]
    [POLYGON [PLANE 0.13973697758044 0.88226455385461 0.44953624337577 0.97799779183025] 	4
	[[NORMAL 1.4861401089256e-16 0.80901699437495 0.58778525229247] -1.4861401089256e-16 -0.80901699437495 -0.58778525229247]
	[[NORMAL 0.25 0.76942088429381 0.58778525229247] -0.25 -0.76942088429381 -0.58778525229247]
	[[NORMAL 0.29389262614624 0.90450849718747 0.30901699437495] -0.29389262614624 -0.90450849718747 -0.30901699437495]
	[[NORMAL 1.7470624777336e-16 0.95105651629515 0.30901699437495] -1.7470624777336e-16 -0.95105651629515 -0.30901699437495]
    ]
    [POLYGON [PLANE 0.15455478293211 0.97582049483787 0.15455478293211 0.97582049483787] 	4
	[[NORMAL 1.7470624777336e-16 0.95105651629515 0.30901699437495] -1.7470624777336e-16 -0.95105651629515 -0.30901699437495]
	[[NORMAL 0.29389262614624 0.90450849718747 0.30901699437495] -0.29389262614624 -0.90450849718747 -0.30901699437495]
	[[NORMAL 0.30901699437495 0.95105651629515 0] -0.30901699437495 -0.95105651629515 0]
	[[NORMAL 1.836970198721e-16 1 0] -1.836970198721e-16 -1 0]
    ]
    [POLYGON [PLANE 0.15455478293211 0.97582049483787 -0.15455478293211 0.97582049483787] 	4
	[[NORMAL 1.836970198721e-16 1 0] -1.836970198721e-16 -1 0]
	[[NORMAL 0.30901699437495 0.95105651629515 0] -0.30901699437495 -0.95105651629515 0]
	[[NORMAL 0.29389262614624 0.90450849718747 -0.30901699437495] -0.29389262614624 -0.90450849718747 0.30901699437495]
	[[NORMAL 1.7470624777336e-16 0.95105651629515 -0.30901699437495] -1.7470624777336e-16 -0.95105651629515 0.30901699437495]
    ]
    [POLYGON [PLANE 0.13973697758044 0.88226455385461 -0.44953624337577 0.97799779183025] 	4
	[[NORMAL 1.7470624777336e-16 0.95105651629515 -0.30901699437495] -1.7470624777336e-16 -0.95105651629515 0.30901699437495]
	[[NORMAL 0.29389262614624 0.90450849718747 -0.30901699437495] -0.29389262614624 -0.90450849718747 0.30901699437495]
	[[NORMAL 0.25 0.76942088429381 -0.58778525229247] -0.25 -0.76942088429381 0.58778525229247]
	[[NORMAL 1.4861401089256e-16 0.80901699437495 -0.58778525229247] -1.4861401089256e-16 -0.80901699437495 0.58778525229247]
    ]
    [POLYGON [PLANE 0.11129888619599 0.70271351130156 -0.70271351130156 0.98155181134957] 	4
	[[NORMAL 1.4861401089256e-16 0.80901699437495 -0.58778525229247] -1.4861401089256e-16 -0.80901699437495 0.58778525229247]
	[[NORMAL 0.25 0.76942088429381 -0.58778525229247] -0.25 -0.76942088429381 0.58778525229247]
	[[NORMAL 0.18163563200134 0.55901699437495 -0.80901699437495] -0.18163563200134 -0.55901699437495 0.80901699437495]
	[[NORMAL 1.079743991709e-16 0.58778525229247 -0.80901699437495] -1.079743991709e-16 -0.58778525229247 0.80901699437495]
    ]
    [POLYGON [PLANE -0.071719862447187 0.45282139015821 -0.88871201744195 0.98514486027336] 	4
	[[NORMAL -0.18163563200134 0.55901699437495 -0.80901699437495] 0.18163563200134 -0.55901699437495 0.80901699437495]
	[[NORMAL 1.079743991709e-16 0.58778525229247 -0.80901699437495] -1.079743991709e-16 -0.58778525229247 0.80901699437495]
	[[NORMAL 5.6765500956512e-17 0.30901699437495 -0.95105651629515] -5.6765500956512e-17 -0.30901699437495 0.95105651629515]
	[[NORMAL -0.095491502812526 0.29389262614624 -0.95105651629515] 0.095491502812526 -0.29389262614624 0.95105651629515]
    ]
    [POLYGON [PLANE -0.071882970513611 0.14107827309693 -0.9873853145607 0.9873853145607] 	3
	[[NORMAL 0 0 -1] 0 0 1]
	[[NORMAL -0.18163563200134 0.25 -0.95105651629515] 0.18163563200134 -0.25 0.95105651629515]
	[[NORMAL -0.095491502812526 0.29389262614624 -0.95105651629515] 0.095491502812526 -0.29389262614624 0.95105651629515]
    ]
    [POLYGON [PLANE -0.071882970513611 -0.14107827309693 -0.9873853145607 0.9873853145607] 	3
	[[NORMAL 0 0 -1] 0 0 1]
	[[NORMAL -0.095491502812526 -0.29389262614624 -0.95105651629515] 0.095491502812526 0.29389262614624 0.95105651629515]
	[[NORMAL -0.18163563200134 -0.25 -0.95105651629515] 0.18163563200134 0.25 0.95105651629515]
    ]
    [POLYGON [PLANE -0.32300194814216 -0.63392701672243 -0.70271351130156 0.98155181134957] 	4
	[[NORMAL -0.25 -0.76942088429381 -0.58778525229247] 0.25 0.76942088429381 0.58778525229247]
	[[NORMAL -0.47552825814758 -0.65450849718747 -0.58778525229247] 0.47552825814758 0.65450849718747 0.58778525229247]
	[[NORMAL -0.34549150281253 -0.47552825814758 -0.80901699437495] 0.34549150281253 0.47552825814758 0.80901699437495]
	[[NORMAL -0.18163563200134 -0.55901699437495 -0.80901699437495] 0.18163563200134 0.55901699437495 0.80901699437495]
    ]
    [POLYGON [PLANE -0.11129888619599 -0.70271351130156 -0.70271351130156 0.98155181134957] 	4
	[[NORMAL -4.9538003630855e-17 -0.80901699437495 -0.58778525229247] 4.9538003630855e-17 0.80901699437495 0.58778525229247]
	[[NORMAL -0.25 -0.76942088429381 -0.58778525229247] 0.25 0.76942088429381 0.58778525229247]
	[[NORMAL -0.18163563200134 -0.55901699437495 -0.80901699437495] 0.18163563200134 0.55901699437495 0.80901699437495]
	[[NORMAL -3.59914663903e-17 -0.58778525229247 -0.80901699437495] 3.59914663903e-17 0.58778525229247 0.80901699437495]
    ]
    [POLYGON [PLANE -0.024769183593601 -0.15638647043136 -0.9873853145607 0.9873853145607] 	3
	[[NORMAL 0 0 -1] 0 0 1]
	[[NORMAL -1.8921833652171e-17 -0.30901699437495 -0.95105651629515] 1.8921833652171e-17 0.30901699437495 0.95105651629515]
	[[NORMAL -0.095491502812526 -0.29389262614624 -0.95105651629515] 0.095491502812526 0.29389262614624 0.95105651629515]
    ]
    [POLYGON [PLANE 0.11129888619599 -0.70271351130156 -0.70271351130156 0.98155181134957] 	4
	[[NORMAL 0.25 -0.76942088429381 -0.58778525229247] -0.25 0.76942088429381 0.58778525229247]
	[[NORMAL -4.9538003630855e-17 -0.80901699437495 -0.58778525229247] 4.9538003630855e-17 0.80901699437495 0.58778525229247]
	[[NORMAL -3.59914663903e-17 -0.58778525229247 -0.80901699437495] 3.59914663903e-17 0.58778525229247 0.80901699437495]
	[[NORMAL 0.18163563200134 -0.55901699437495 -0.80901699437495] -0.18163563200134 0.55901699437495 0.80901699437495]
    ]
    [POLYGON [PLANE 0.024769183593601 -0.15638647043136 -0.9873853145607 0.9873853145607] 	3
	[[NORMAL 0 0 -1] 0 0 1]
	[[NORMAL 0.095491502812526 -0.29389262614624 -0.95105651629515] -0.095491502812526 0.29389262614624 0.95105651629515]
	[[NORMAL -1.8921833652171e-17 -0.30901699437495 -0.95105651629515] 1.8921833652171e-17 0.30901699437495 0.95105651629515]
    ]
    [POLYGON [PLANE 0.32300194814216 -0.63392701672243 -0.70271351130156 0.98155181134957] 	4
	[[NORMAL 0.47552825814758 -0.65450849718747 -0.58778525229247] -0.47552825814758 0.65450849718747 0.58778525229247]
	[[NORMAL 0.25 -0.76942088429381 -0.58778525229247] -0.25 0.76942088429381 0.58778525229247]
	[[NORMAL 0.18163563200134 -0.55901699437495 -0.80901699437495] -0.18163563200134 0.55901699437495 0.80901699437495]
	[[NORMAL 0.34549150281253 -0.47552825814758 -0.80901699437495] -0.34549150281253 0.47552825814758 0.80901699437495]
    ]
    [POLYGON [PLANE 0.071882970513611 -0.14107827309693 -0.9873853145607 0.9873853145607] 	3
	[[NORMAL 0 0 -1] 0 0 1]
	[[NORMAL 0.18163563200134 -0.25 -0.95105651629515] -0.18163563200134 0.25 0.95105651629515]
	[[NORMAL 0.095491502812526 -0.29389262614624 -0.95105651629515] -0.095491502812526 0.29389262614624 0.95105651629515]
    ]
    [POLYGON [PLANE 0.50308732891727 -0.50308732891727 -0.70271351130156 0.98155181134957] 	4
	[[NORMAL 0.65450849718747 -0.47552825814758 -0.58778525229247] -0.65450849718747 0.47552825814758 0.58778525229247]
	[[NORMAL 0.47552825814758 -0.65450849718747 -0.58778525229247] -0.47552825814758 0.65450849718747 0.58778525229247]
	[[NORMAL 0.34549150281253 -0.47552825814758 -0.80901699437495] -0.34549150281253 0.47552825814758 0.80901699437495]
	[[NORMAL 0.47552825814758 -0.34549150281253 -0.80901699437495] -0.47552825814758 0.34549150281253 0.80901699437495]
    ]
    [POLYGON [PLANE 0.11196035144164 -0.11196035144164 -0.9873853145607 0.9873853145607] 	3
	[[NORMAL 0 0 -1] 0 0 1]
	[[NORMAL 0.25 -0.18163563200134 -0.95105651629515] -0.25 0.18163563200134 0.95105651629515]
	[[NORMAL 0.18163563200134 -0.25 -0.95105651629515] -0.18163563200134 0.25 0.95105651629515]
    ]
    [POLYGON [PLANE 0.63392701672243 -0.32300194814216 -0.70271351130156 0.98155181134957] 	4
	[[NORMAL 0.76942088429381 -0.25 -0.58778525229247] -0.76942088429381 0.25 0.58778525229247]
	[[NORMAL 0.65450849718747 -0.47552825814758 -0.58778525229247] -0.65450849718747 0.47552825814758 0.58778525229247]
	[[NORMAL 0.47552825814758 -0.34549150281253 -0.80901699437495] -0.47552825814758 0.34549150281253 0.80901699437495]
	[[NORMAL 0.55901699437495 -0.18163563200134 -0.80901699437495] -0.55901699437495 0.18163563200134 0.80901699437495]
    ]
    [POLYGON [PLANE 0.14107827309693 -0.071882970513611 -0.9873853145607 0.9873853145607] 	3
	[[NORMAL 0 0 -1] 0 0 1]
	[[NORMAL 0.29389262614624 -0.095491502812526 -0.95105651629515] -0.29389262614624 0.095491502812526 0.95105651629515]
	[[NORMAL 0.25 -0.18163563200134 -0.95105651629515] -0.25 0.18163563200134 0.95105651629515]
    ]
    [POLYGON [PLANE 0.70271351130156 -0.11129888619599 -0.70271351130156 0.98155181134957] 	4
	[[NORMAL 0.80901699437495 -9.9076007261709e-17 -0.58778525229247] -0.80901699437495 9.9076007261709e-17 0.58778525229247]
	[[NORMAL 0.76942088429381 -0.25 -0.58778525229247] -0.76942088429381 0.25 0.58778525229247]
	[[NORMAL 0.55901699437495 -0.18163563200134 -0.80901699437495] -0.55901699437495 0.18163563200134 0.80901699437495]
	[[NORMAL 0.58778525229247 -7.19829327806e-17 -0.80901699437495] -0.58778525229247 7.19829327806e-17 0.80901699437495]
    ]
    [POLYGON [PLANE 0.15638647043136 -0.024769183593601 -0.9873853145607 0.9873853145607] 	3
	[[NORMAL 0 0 -1] 0 0 1]
	[[NORMAL 0.30901699437495 -3.7843667304342e-17 -0.95105651629515] -0.30901699437495 3.7843667304342e-17 0.95105651629515]
	[[NORMAL 0.29389262614624 -0.095491502812526 -0.95105651629515] -0.29389262614624 0.095491502812526 0.95105651629515]
    ]
    [POLYGON [PLANE 0.70271351130156 0.11129888619599 -0.70271351130156 0.98155181134957] 	4
	[[NORMAL 0.76942088429381 0.25 -0.58778525229247] -0.76942088429381 -0.25 0.58778525229247]
	[[NORMAL 0.80901699437495 -9.9076007261709e-17 -0.58778525229247] -0.80901699437495 9.9076007261709e-17 0.58778525229247]
	[[NORMAL 0.58778525229247 -7.19829327806e-17 -0.80901699437495] -0.58778525229247 7.19829327806e-17 0.80901699437495]
	[[NORMAL 0.55901699437495 0.18163563200134 -0.80901699437495] -0.55901699437495 -0.18163563200134 0.80901699437495]
    ]
    [POLYGON [PLANE 0.15638647043136 0.024769183593601 -0.9873853145607 0.9873853145607] 	3
	[[NORMAL 0 0 -1] 0 0 1]
	[[NORMAL 0.29389262614624 0.095491502812526 -0.95105651629515] -0.29389262614624 -0.095491502812526 0.95105651629515]
	[[NORMAL 0.30901699437495 -3.7843667304342e-17 -0.95105651629515] -0.30901699437495 3.7843667304342e-17 0.95105651629515]
    ]
    [POLYGON [PLANE 0.63392701672243 0.32300194814216 -0.70271351130156 0.98155181134957] 	4
	[[NORMAL 0.65450849718747 0.47552825814758 -0.58778525229247] -0.65450849718747 -0.47552825814758 0.58778525229247]
	[[NORMAL 0.76942088429381 0.25 -0.58778525229247] -0.76942088429381 -0.25 0.58778525229247]
	[[NORMAL 0.55901699437495 0.18163563200134 -0.80901699437495] -0.55901699437495 -0.18163563200134 0.80901699437495]
	[[NORMAL 0.47552825814758 0.34549150281253 -0.80901699437495] -0.47552825814758 -0.34549150281253 0.80901699437495]
    ]
    [POLYGON [PLANE 0.14107827309693 0.071882970513611 -0.9873853145607 0.9873853145607] 	3
	[[NORMAL 0 0 -1] 0 0 1]
	[[NORMAL 0.25 0.18163563200134 -0.95105651629515] -0.25 -0.18163563200134 0.95105651629515]
	[[NORMAL 0.29389262614624 0.095491502812526 -0.95105651629515] -0.29389262614624 -0.095491502812526 0.95105651629515]
    ]
    [POLYGON [PLANE 0.50308732891727 0.50308732891727 -0.70271351130156 0.98155181134957] 	4
	[[NORMAL 0.47552825814758 0.65450849718747 -0.58778525229247] -0.47552825814758 -0.65450849718747 0.58778525229247]
	[[NORMAL 0.65450849718747 0.47552825814758 -0.58778525229247] -0.65450849718747 -0.47552825814758 0.58778525229247]
	[[NORMAL 0.47552825814758 0.34549150281253 -0.80901699437495] -0.47552825814758 -0.34549150281253 0.80901699437495]
	[[NORMAL 0.34549150281253 0.47552825814758 -0.80901699437495] -0.34549150281253 -0.47552825814758 0.80901699437495]
    ]
    [POLYGON [PLANE 0.11196035144164 0.11196035144164 -0.9873853145607 0.9873853145607] 	3
	[[NORMAL 0 0 -1] 0 0 1]
	[[NORMAL 0.18163563200134 0.25 -0.95105651629515] -0.18163563200134 -0.25 0.95105651629515]
	[[NORMAL 0.25 0.18163563200134 -0.95105651629515] -0.25 -0.18163563200134 0.95105651629515]
    ]
    [POLYGON [PLANE 0.44853544979644 0.88030038586196 -0.15455478293211 0.97582049483787] 	4
	[[NORMAL 0.30901699437495 0.95105651629515 0] -0.30901699437495 -0.95105651629515 0]
	[[NORMAL 0.58778525229247 0.80901699437495 0] -0.58778525229247 -0.80901699437495 0]
	[[NORMAL 0.55901699437495 0.76942088429381 -0.30901699437495] -0.55901699437495 -0.76942088429381 0.30901699437495]
	[[NORMAL 0.29389262614624 0.90450849718747 -0.30901699437495] -0.29389262614624 -0.90450849718747 0.30901699437495]
    ]
    [POLYGON [PLANE 0.69861034170445 0.69861034170445 -0.15455478293211 0.97582049483787] 	4
	[[NORMAL 0.58778525229247 0.80901699437495 0] -0.58778525229247 -0.80901699437495 0]
	[[NORMAL 0.80901699437495 0.58778525229247 0] -0.80901699437495 -0.58778525229247 0]
	[[NORMAL 0.76942088429381 0.55901699437495 -0.30901699437495] -0.76942088429381 -0.55901699437495 0.30901699437495]
	[[NORMAL 0.55901699437495 0.76942088429381 -0.30901699437495] -0.55901699437495 -0.76942088429381 0.30901699437495]
    ]
    [POLYGON [PLANE 0.88030038586196 0.44853544979644 -0.15455478293211 0.97582049483787] 	4
	[[NORMAL 0.80901699437495 0.58778525229247 0] -0.80901699437495 -0.58778525229247 0]
	[[NORMAL 0.95105651629515 0.30901699437495 0] -0.95105651629515 -0.30901699437495 0]
	[[NORMAL 0.90450849718747 0.29389262614624 -0.30901699437495] -0.90450849718747 -0.29389262614624 0.30901699437495]
	[[NORMAL 0.76942088429381 0.55901699437495 -0.30901699437495] -0.76942088429381 -0.55901699437495 0.30901699437495]
    ]
    [POLYGON [PLANE 0.97582049483787 0.15455478293211 -0.15455478293211 0.97582049483787] 	4
	[[NORMAL 0.95105651629515 0.30901699437495 0] -0.95105651629515 -0.30901699437495 0]
	[[NORMAL 1 -1.2246467991474e-16 0] -1 1.2246467991474e-16 0]
	[[NORMAL 0.95105651629515 -1.1647083184891e-16 -0.30901699437495] -0.95105651629515 1.1647083184891e-16 0.30901699437495]
	[[NORMAL 0.90450849718747 0.29389262614624 -0.30901699437495] -0.90450849718747 -0.29389262614624 0.30901699437495]
    ]
    [POLYGON [PLANE 0.97582049483787 -0.15455478293211 -0.15455478293211 0.97582049483787] 	4
	[[NORMAL 1 -1.2246467991474e-16 0] -1 1.2246467991474e-16 0]
	[[NORMAL 0.95105651629515 -0.30901699437495 0] -0.95105651629515 0.30901699437495 0]
	[[NORMAL 0.90450849718747 -0.29389262614624 -0.30901699437495] -0.90450849718747 0.29389262614624 0.30901699437495]
	[[NORMAL 0.95105651629515 -1.1647083184891e-16 -0.30901699437495] -0.95105651629515 1.1647083184891e-16 0.30901699437495]
    ]
    [POLYGON [PLANE 0.88030038586196 -0.44853544979644 -0.15455478293211 0.97582049483787] 	4
	[[NORMAL 0.95105651629515 -0.30901699437495 0] -0.95105651629515 0.30901699437495 0]
	[[NORMAL 0.80901699437495 -0.58778525229247 0] -0.80901699437495 0.58778525229247 0]
	[[NORMAL 0.76942088429381 -0.55901699437495 -0.30901699437495] -0.76942088429381 0.55901699437495 0.30901699437495]
	[[NORMAL 0.90450849718747 -0.29389262614624 -0.30901699437495] -0.90450849718747 0.29389262614624 0.30901699437495]
    ]
    [POLYGON [PLANE 0.69861034170445 -0.69861034170445 -0.15455478293211 0.97582049483787] 	4
	[[NORMAL 0.80901699437495 -0.58778525229247 0] -0.80901699437495 0.58778525229247 0]
	[[NORMAL 0.58778525229247 -0.80901699437495 0] -0.58778525229247 0.80901699437495 0]
	[[NORMAL 0.55901699437495 -0.76942088429381 -0.30901699437495] -0.55901699437495 0.76942088429381 0.30901699437495]
	[[NORMAL 0.76942088429381 -0.55901699437495 -0.30901699437495] -0.76942088429381 0.55901699437495 0.30901699437495]
    ]
    [POLYGON [PLANE 0.44853544979644 -0.88030038586196 -0.15455478293211 0.97582049483787] 	4
	[[NORMAL 0.58778525229247 -0.80901699437495 0] -0.58778525229247 0.80901699437495 0]
	[[NORMAL 0.30901699437495 -0.95105651629515 0] -0.30901699437495 0.95105651629515 0]
	[[NORMAL 0.29389262614624 -0.90450849718747 -0.30901699437495] -0.29389262614624 0.90450849718747 0.30901699437495]
	[[NORMAL 0.55901699437495 -0.76942088429381 -0.30901699437495] -0.55901699437495 0.76942088429381 0.30901699437495]
    ]
    [POLYGON [PLANE 0.15455478293211 -0.97582049483787 -0.15455478293211 0.97582049483787] 	4
	[[NORMAL 0.30901699437495 -0.95105651629515 0] -0.30901699437495 0.95105651629515 0]
	[[NORMAL -6.1232339957368e-17 -1 0] 6.1232339957368e-17 1 0]
	[[NORMAL -5.8235415924455e-17 -0.95105651629515 -0.30901699437495] 5.8235415924455e-17 0.95105651629515 0.30901699437495]
	[[NORMAL 0.29389262614624 -0.90450849718747 -0.30901699437495] -0.29389262614624 0.90450849718747 0.30901699437495]
    ]
    [POLYGON [PLANE -0.13973697758044 -0.88226455385461 0.44953624337577 0.97799779183025] 	4
	[[NORMAL -4.9538003630855e-17 -0.80901699437495 0.58778525229247] 4.9538003630855e-17 0.80901699437495 -0.58778525229247]
	[[NORMAL -0.25 -0.76942088429381 0.58778525229247] 0.25 0.76942088429381 -0.58778525229247]
	[[NORMAL -0.29389262614624 -0.90450849718747 0.30901699437495] 0.29389262614624 0.90450849718747 -0.30901699437495]
	[[NORMAL -5.8235415924455e-17 -0.95105651629515 0.30901699437495] 5.8235415924455e-17 0.95105651629515 -0.30901699437495]
    ]
    [POLYGON [PLANE 0.13973697758044 -0.88226455385461 0.44953624337577 0.97799779183025] 	4
	[[NORMAL 0.25 -0.76942088429381 0.58778525229247] -0.25 0.76942088429381 -0.58778525229247]
	[[NORMAL -4.9538003630855e-17 -0.80901699437495 0.58778525229247] 4.9538003630855e-17 0.80901699437495 -0.58778525229247]
	[[NORMAL -5.8235415924455e-17 -0.95105651629515 0.30901699437495] 5.8235415924455e-17 0.95105651629515 -0.30901699437495]
	[[NORMAL 0.29389262614624 -0.90450849718747 0.30901699437495] -0.29389262614624 0.90450849718747 -0.30901699437495]
    ]
    [POLYGON [PLANE 0.40553250377097 -0.79590235222472 0.44953624337577 0.97799779183025] 	4
	[[NORMAL 0.47552825814758 -0.65450849718747 0.58778525229247] -0.47552825814758 0.65450849718747 -0.58778525229247]
	[[NORMAL 0.25 -0.76942088429381 0.58778525229247] -0.25 0.76942088429381 -0.58778525229247]
	[[NORMAL 0.29389262614624 -0.90450849718747 0.30901699437495] -0.29389262614624 0.90450849718747 -0.30901699437495]
	[[NORMAL 0.55901699437495 -0.76942088429381 0.30901699437495] -0.55901699437495 0.76942088429381 -0.30901699437495]
    ]
    [POLYGON [PLANE 0.63163168298131 -0.63163168298131 0.44953624337577 0.97799779183025] 	4
	[[NORMAL 0.65450849718747 -0.47552825814758 0.58778525229247] -0.65450849718747 0.47552825814758 -0.58778525229247]
	[[NORMAL 0.47552825814758 -0.65450849718747 0.58778525229247] -0.47552825814758 0.65450849718747 -0.58778525229247]
	[[NORMAL 0.55901699437495 -0.76942088429381 0.30901699437495] -0.55901699437495 0.76942088429381 -0.30901699437495]
	[[NORMAL 0.76942088429381 -0.55901699437495 0.30901699437495] -0.76942088429381 0.55901699437495 -0.30901699437495]
    ]
    [POLYGON [PLANE 0.79590235222472 -0.40553250377097 0.44953624337577 0.97799779183025] 	4
	[[NORMAL 0.76942088429381 -0.25 0.58778525229247] -0.76942088429381 0.25 -0.58778525229247]
	[[NORMAL 0.65450849718747 -0.47552825814758 0.58778525229247] -0.65450849718747 0.47552825814758 -0.58778525229247]
	[[NORMAL 0.76942088429381 -0.55901699437495 0.30901699437495] -0.76942088429381 0.55901699437495 -0.30901699437495]
	[[NORMAL 0.90450849718747 -0.29389262614624 0.30901699437495] -0.90450849718747 0.29389262614624 -0.30901699437495]
    ]
    [POLYGON [PLANE 0.88226455385461 -0.13973697758044 0.44953624337577 0.97799779183025] 	4
	[[NORMAL 0.80901699437495 -9.9076007261709e-17 0.58778525229247] -0.80901699437495 9.9076007261709e-17 -0.58778525229247]
	[[NORMAL 0.76942088429381 -0.25 0.58778525229247] -0.76942088429381 0.25 -0.58778525229247]
	[[NORMAL 0.90450849718747 -0.29389262614624 0.30901699437495] -0.90450849718747 0.29389262614624 -0.30901699437495]
	[[NORMAL 0.95105651629515 -1.1647083184891e-16 0.30901699437495] -0.95105651629515 1.1647083184891e-16 -0.30901699437495]
    ]
    [POLYGON [PLANE 0.88226455385461 0.13973697758044 0.44953624337577 0.97799779183025] 	4
	[[NORMAL 0.76942088429381 0.25 0.58778525229247] -0.76942088429381 -0.25 -0.58778525229247]
	[[NORMAL 0.80901699437495 -9.9076007261709e-17 0.58778525229247] -0.80901699437495 9.9076007261709e-17 -0.58778525229247]
	[[NORMAL 0.95105651629515 -1.1647083184891e-16 0.30901699437495] -0.95105651629515 1.1647083184891e-16 -0.30901699437495]
	[[NORMAL 0.90450849718747 0.29389262614624 0.30901699437495] -0.90450849718747 -0.29389262614624 -0.30901699437495]
    ]
    [POLYGON [PLANE 0.79590235222472 0.40553250377097 0.44953624337577 0.97799779183025] 	4
	[[NORMAL 0.65450849718747 0.47552825814758 0.58778525229247] -0.65450849718747 -0.47552825814758 -0.58778525229247]
	[[NORMAL 0.76942088429381 0.25 0.58778525229247] -0.76942088429381 -0.25 -0.58778525229247]
	[[NORMAL 0.90450849718747 0.29389262614624 0.30901699437495] -0.90450849718747 -0.29389262614624 -0.30901699437495]
	[[NORMAL 0.76942088429381 0.55901699437495 0.30901699437495] -0.76942088429381 -0.55901699437495 -0.30901699437495]
    ]
    [POLYGON [PLANE 0.63163168298131 0.63163168298131 0.44953624337577 0.97799779183025] 	4
	[[NORMAL 0.47552825814758 0.65450849718747 0.58778525229247] -0.47552825814758 -0.65450849718747 -0.58778525229247]
	[[NORMAL 0.65450849718747 0.47552825814758 0.58778525229247] -0.65450849718747 -0.47552825814758 -0.58778525229247]
	[[NORMAL 0.76942088429381 0.55901699437495 0.30901699437495] -0.76942088429381 -0.55901699437495 -0.30901699437495]
	[[NORMAL 0.55901699437495 0.76942088429381 0.30901699437495] -0.55901699437495 -0.76942088429381 -0.30901699437495]
    ]
    [POLYGON [PLANE 0.40553250377097 0.79590235222472 0.44953624337577 0.97799779183025] 	4
	[[NORMAL 0.25 0.76942088429381 0.58778525229247] -0.25 -0.76942088429381 -0.58778525229247]
	[[NORMAL 0.47552825814758 0.65450849718747 0.58778525229247] -0.47552825814758 -0.65450849718747 -0.58778525229247]
	[[NORMAL 0.55901699437495 0.76942088429381 0.30901699437495] -0.55901699437495 -0.76942088429381 -0.30901699437495]
	[[NORMAL 0.29389262614624 0.90450849718747 0.30901699437495] -0.29389262614624 -0.90450849718747 -0.30901699437495]
    ]
    [POLYGON [PLANE 0.44853544979644 0.88030038586196 0.15455478293211 0.97582049483787] 	4
	[[NORMAL 0.29389262614624 0.90450849718747 0.30901699437495] -0.29389262614624 -0.90450849718747 -0.30901699437495]
	[[NORMAL 0.55901699437495 0.76942088429381 0.30901699437495] -0.55901699437495 -0.76942088429381 -0.30901699437495]
	[[NORMAL 0.58778525229247 0.80901699437495 0] -0.58778525229247 -0.80901699437495 0]
	[[NORMAL 0.30901699437495 0.95105651629515 0] -0.30901699437495 -0.95105651629515 0]
    ]
    [POLYGON [PLANE 0.69861034170445 0.69861034170445 0.15455478293211 0.97582049483787] 	4
	[[NORMAL 0.55901699437495 0.76942088429381 0.30901699437495] -0.55901699437495 -0.76942088429381 -0.30901699437495]
	[[NORMAL 0.76942088429381 0.55901699437495 0.30901699437495] -0.76942088429381 -0.55901699437495 -0.30901699437495]
	[[NORMAL 0.80901699437495 0.58778525229247 0] -0.80901699437495 -0.58778525229247 0]
	[[NORMAL 0.58778525229247 0.80901699437495 0] -0.58778525229247 -0.80901699437495 0]
    ]
    [POLYGON [PLANE 0.88030038586196 0.44853544979644 0.15455478293211 0.97582049483787] 	4
	[[NORMAL 0.76942088429381 0.55901699437495 0.30901699437495] -0.76942088429381 -0.55901699437495 -0.30901699437495]
	[[NORMAL 0.90450849718747 0.29389262614624 0.30901699437495] -0.90450849718747 -0.29389262614624 -0.30901699437495]
	[[NORMAL 0.95105651629515 0.30901699437495 0] -0.95105651629515 -0.30901699437495 0]
	[[NORMAL 0.80901699437495 0.58778525229247 0] -0.80901699437495 -0.58778525229247 0]
    ]
    [POLYGON [PLANE 0.97582049483787 0.15455478293211 0.15455478293211 0.97582049483787] 	4
	[[NORMAL 0.90450849718747 0.29389262614624 0.30901699437495] -0.90450849718747 -0.29389262614624 -0.30901699437495]
	[[NORMAL 0.95105651629515 -1.1647083184891e-16 0.30901699437495] -0.95105651629515 1.1647083184891e-16 -0.30901699437495]
	[[NORMAL 1 -1.2246467991474e-16 0] -1 1.2246467991474e-16 0]
	[[NORMAL 0.95105651629515 0.30901699437495 0] -0.95105651629515 -0.30901699437495 0]
    ]
    [POLYGON [PLANE 0.97582049483787 -0.15455478293211 0.15455478293211 0.97582049483787] 	4
	[[NORMAL 0.95105651629515 -1.1647083184891e-16 0.30901699437495] -0.95105651629515 1.1647083184891e-16 -0.30901699437495]
	[[NORMAL 0.90450849718747 -0.29389262614624 0.30901699437495] -0.90450849718747 0.29389262614624 -0.30901699437495]
	[[NORMAL 0.95105651629515 -0.30901699437495 0] -0.95105651629515 0.30901699437495 0]
	[[NORMAL 1 -1.2246467991474e-16 0] -1 1.2246467991474e-16 0]
    ]
    [POLYGON [PLANE 0.88030038586196 -0.44853544979644 0.15455478293211 0.97582049483787] 	4
	[[NORMAL 0.90450849718747 -0.29389262614624 0.30901699437495] -0.90450849718747 0.29389262614624 -0.30901699437495]
	[[NORMAL 0.76942088429381 -0.55901699437495 0.30901699437495] -0.76942088429381 0.55901699437495 -0.30901699437495]
	[[NORMAL 0.80901699437495 -0.58778525229247 0] -0.80901699437495 0.58778525229247 0]
	[[NORMAL 0.95105651629515 -0.30901699437495 0] -0.95105651629515 0.30901699437495 0]
    ]
    [POLYGON [PLANE 0.69861034170445 -0.69861034170445 0.15455478293211 0.97582049483787] 	4
	[[NORMAL 0.76942088429381 -0.55901699437495 0.30901699437495] -0.76942088429381 0.55901699437495 -0.30901699437495]
	[[NORMAL 0.55901699437495 -0.76942088429381 0.30901699437495] -0.55901699437495 0.76942088429381 -0.30901699437495]
	[[NORMAL 0.58778525229247 -0.80901699437495 0] -0.58778525229247 0.80901699437495 0]
	[[NORMAL 0.80901699437495 -0.58778525229247 0] -0.80901699437495 0.58778525229247 0]
    ]
    [POLYGON [PLANE 0.44853544979644 -0.88030038586196 0.15455478293211 0.97582049483787] 	4
	[[NORMAL 0.55901699437495 -0.76942088429381 0.30901699437495] -0.55901699437495 0.76942088429381 -0.30901699437495]
	[[NORMAL 0.29389262614624 -0.90450849718747 0.30901699437495] -0.29389262614624 0.90450849718747 -0.30901699437495]
	[[NORMAL 0.30901699437495 -0.95105651629515 0] -0.30901699437495 0.95105651629515 0]
	[[NORMAL 0.58778525229247 -0.80901699437495 0] -0.58778525229247 0.80901699437495 0]
    ]
    [POLYGON [PLANE 0.15455478293211 -0.97582049483787 0.15455478293211 0.97582049483787] 	4
	[[NORMAL 0.29389262614624 -0.90450849718747 0.30901699437495] -0.29389262614624 0.90450849718747 -0.30901699437495]
	[[NORMAL -5.8235415924455e-17 -0.95105651629515 0.30901699437495] 5.8235415924455e-17 0.95105651629515 -0.30901699437495]
	[[NORMAL -6.1232339957368e-17 -1 0] 6.1232339957368e-17 1 0]
	[[NORMAL 0.30901699437495 -0.95105651629515 0] -0.30901699437495 0.95105651629515 0]
    ]
    [POLYGON [PLANE -0.15455478293211 -0.97582049483787 0.15455478293211 0.97582049483787] 	4
	[[NORMAL -5.8235415924455e-17 -0.95105651629515 0.30901699437495] 5.8235415924455e-17 0.95105651629515 -0.30901699437495]
	[[NORMAL -0.29389262614624 -0.90450849718747 0.30901699437495] 0.29389262614624 0.90450849718747 -0.30901699437495]
	[[NORMAL -0.30901699437495 -0.95105651629515 0] 0.30901699437495 0.95105651629515 0]
	[[NORMAL -6.1232339957368e-17 -1 0] 6.1232339957368e-17 1 0]
    ]
    [POLYGON [PLANE -0.15455478293211 -0.97582049483787 -0.15455478293211 0.97582049483787] 	4
	[[NORMAL -6.1232339957368e-17 -1 0] 6.1232339957368e-17 1 0]
	[[NORMAL -0.30901699437495 -0.95105651629515 0] 0.30901699437495 0.95105651629515 0]
	[[NORMAL -0.29389262614624 -0.90450849718747 -0.30901699437495] 0.29389262614624 0.90450849718747 0.30901699437495]
	[[NORMAL -5.8235415924455e-17 -0.95105651629515 -0.30901699437495] 5.8235415924455e-17 0.95105651629515 0.30901699437495]
    ]
    [POLYGON [PLANE -0.13973697758044 -0.88226455385461 -0.44953624337577 0.97799779183025] 	4
	[[NORMAL -5.8235415924455e-17 -0.95105651629515 -0.30901699437495] 5.8235415924455e-17 0.95105651629515 0.30901699437495]
	[[NORMAL -0.29389262614624 -0.90450849718747 -0.30901699437495] 0.29389262614624 0.90450849718747 0.30901699437495]
	[[NORMAL -0.25 -0.76942088429381 -0.58778525229247] 0.25 0.76942088429381 0.58778525229247]
	[[NORMAL -4.9538003630855e-17 -0.80901699437495 -0.58778525229247] 4.9538003630855e-17 0.80901699437495 0.58778525229247]
    ]
